bad_threshold: 0.680536060209478
completed: null
damping_coeff: 0.85
dataset: all_days
distance_threshold: 1.2928007973159406
falseNegativeRate: 0.15
falsePositiveRate: 0.005
init_observability: 0.610567696257429
init_p_e: 0.9575920860102722
iteration: 1
k: 243
max_error_threshold: 0.08409003757839911
min_confidence_threshold: 0.8876967014544755
mode: vbee
n: 700
name: Final_Analysis_of_Optimized_Parameters
observability_damping_coeff: 0.8282104830704353
sigmoid_midpoint: 33.524794615427844
sigmoid_steepness: 2.0114447802646818
started: null
status: not_started
unknown_psge_value: 0.07857072595753747
version: 17